# Eigenvector  matrix (normalized)
0.015850520104516645 -0.05321240579065773 -0.41001965946050734 -0.006206914558997844 -0.003167867143159338 0.03865375213071906 -0.08781131476786821 0.23513778980846436 0.0822492727661393 -0.0873812547032316 0.38091405818889995 0.009820952695468852 -0.029777574061936637 0.34476080885312277 0.36085375716691614 -0.3413305484735548 0.4803010507021612 0.08664643967514889
-0.3952411778243375 0.15718545788339067 0.3046581376441131 0.02671512314907515 -0.025470794446767715 -0.16497587212541798 -0.17158554952811375 -0.047254791162963064 -0.004428377515831405 -0.02530960118850596 -0.3004746965781535 -0.36927913627048226 0.34727408260820625 -0.24528965984552892 0.26309163613608544 -0.23046971616873713 0.3645908672846664 0.051651071882923026
0.4366377461908102 -0.09741558131033683 0.3231639372221748 -0.018319366980685578 -0.020652411640375363 -0.17429863216781583 0.14251765538912403 0.07687165029838348 -0.004056186636104237 -0.010719161129220197 -0.27326285027763647 0.41862699301960055 -0.3584886543595126 -0.2662982827291433 0.22489215596771756 -0.19677311462906164 0.30689014939061293 0.07142123607221974
-0.001170867322012975 0.004363732994330481 0.029235672881001453 -0.002469130949139613 0.0703874895967336 0.133048814696941 -0.29806446798821695 0.7724614545012647 0.1990014803487761 -0.26718829964230056 -0.2974616259898275 -0.0026949591093190866 -1.4457724574177773e-05 -8.212130252552495e-06 -0.00013822288189285688 -0.053864226933875686 -0.2932049616298734 -0.050703766515610316
-0.010182419768993482 -0.00137365296845666 0.007374664402439617 0.14255447386708392 -0.14496338144518228 -0.5651634849595023 -0.6054581310498095 -0.13616566355026616 0.051480487094511584 -0.22224238148734463 0.19718940198837748 0.2676164389034426 1.188112121848196e-05 -4.7920631436500955e-05 7.760218988334611e-05 0.22452404257530859 -0.00623274438649701 -0.20243381157665913
0.012725943239098236 -0.0016648260334231008 0.0190678321378398 -0.15254392752984516 -0.1350479127411202 -0.6061162188785707 0.499238477555403 0.2967624833658735 0.044239288558541486 -0.19776913395933804 0.18032252565639253 -0.2970908079328394 -9.26873223174211e-06 -3.7119130231848954e-05 0.0001091075163549946 0.1952320757791146 -0.07369871135633767 0.218824644161265
-0.010112696889935248 0.052349873640018064 0.5620030389847877 0.007541750300145224 0.051559893613109274 0.038491209416320914 -0.08441704935937994 0.20882651147305734 0.025247067658929777 0.47910448266285943 0.17447210044793315 0.0070457479558993005 -0.0061966611354299225 0.45572665596030726 0.20596469783772536 0.33374392168714073 0.060945256895535385 0.02152993885123412
0.24270243805951255 0.3504562906053097 0.15860084463131174 0.045594354729947766 -0.032613397216059145 -0.16437218572492507 -0.17849930006431716 -0.046061495308323916 0.0039019793201201243 0.1384181459363155 0.11516123325556356 -0.3789649470955139 -0.3428301619188416 0.14593489921634292 -0.33376557530365575 -0.531239788015828 -0.1322498563236754 -0.054692513623621535
-0.2665141682638804 -0.34330136168418385 0.20429164564600924 -0.04333373139344785 -0.0285420692161966 -0.17492407750818284 0.14923521425407218 0.08316715148706647 0.0031693460116843744 0.11601275858417767 0.11192805582741304 0.40988453728783575 0.363951053104967 0.1452365229120026 -0.3108892211497674 -0.4958024807853159 -0.1279125194522547 -0.022592299621579298
0.23876851822131587 -0.43072495395343324 -0.008750787446197585 0.019413013162995794 0.019529810585174782 0.0404858293638665 -0.08654189501903396 0.2258173294220232 0.0621037401081062 0.25738110981003615 0.22278913674472278 -0.29947278228093205 0.11249847240136035 -0.3877238742077032 -0.2948443769628541 0.1110679059122406 0.32185255810204416 -0.34820075274791595
0.39847098541044157 -0.08432281217923954 -0.24788469913279304 0.05539130584800892 -0.05550915276841 -0.16268990294032712 -0.17941960461154152 -0.03343659098483274 0.0307431198661597 0.43174219429754884 -0.07334726643060405 -0.05552152394573643 0.3714054754179945 -0.1275655383675662 0.309343173734214 -0.10483283234361908 -0.35952064920823185 0.3475265600055262
0.21075535429484094 0.39073525272746557 -0.27326235209747934 -0.050265516591670126 -0.05427124445366124 -0.17656360097731114 0.14004544232266278 0.090818493463101 0.026640945626880616 0.1743083641805523 -0.42105464951010246 0.14820123026086116 0.3152574390332919 0.28877059272318967 -0.25920586866297846 0.11453464431663153 0.2957701467894292 -0.28779000433573476
-0.24586438458099902 0.4366346048282018 -0.10945741049157774 -0.023610875435450665 0.013637729636580838 0.03654017324819569 -0.08661878851706734 0.22532841479450338 0.06099513476045693 0.27319529519055236 0.24864809229009793 0.29191019091677156 -0.07647559379495564 -0.41271957395297865 -0.2714916463211702 0.08244979982033791 0.1490367223071224 0.41505246261650686
-0.25771952454562036 -0.42495109914457363 -0.20680945435686274 0.03749304244752146 -0.05438477387690981 -0.1628585442254027 -0.17208296748840124 -0.031033701271974006 0.02946093503058267 0.22230741965191453 -0.4220188839923748 -0.12001992078679274 -0.37589300198875203 0.22709184377814254 -0.23893628281367096 0.09149540223878168 0.14869532498893742 0.35430681425628224
-0.36616769076962397 0.04811414037366497 -0.23211050746894116 -0.06485286945146748 -0.053024565607863956 -0.17656457586657812 0.1467066631680872 0.09302152120690778 0.02552980895881736 0.4030750242936754 -0.04006737758799161 0.04881802564348226 -0.3206857536159549 -0.16757501005422612 0.34482671711084717 -0.09589140194030699 -0.22034288696313645 -0.5164110533417651
0.00148575060398851 -0.004944921412818067 -0.029196398100965814 0.012720777536928459 -0.3150521778260723 0.03850044273162905 -0.086607062794405 0.22590063982373756 -0.9163443950886901 1.6065375725098677e-05 -1.3768920319235867e-05 -6.075160406102066e-07 1.266135384960385e-06 -1.567169240486593e-05 -5.686241175611673e-06 5.544928719425202e-06 -6.467387314052798e-06 -1.1835693133213596e-06
0.025322786738267426 -0.01976999068048706 -0.0398658949004881 -0.660124973541935 0.6680633321851934 -0.16383631319258807 -0.17466684725808537 -0.03931945973528919 -0.23750400589796117 2.2978916209884834e-06 -4.45121420333076e-06 -2.3900934006463374e-06 2.594655115737595e-06 -6.1162629898093905e-06 -7.132024118298295e-07 9.747209202727836e-07 -5.781522005606402e-07 -3.8514844304873536e-07
-0.027908389644513715 0.016120770393114527 -0.05795825697528716 0.7093895531130235 0.6262918024322426 -0.17516397718388962 0.14378717413280773 0.08537955991113359 -0.20366708982050627 2.008483413458018e-06 -3.890950857387767e-06 2.440306579686943e-06 -2.090573003591424e-06 -5.703718960218135e-06 -6.183218035896249e-07 8.331536823383327e-07 -5.929082017262673e-07 1.9762803276920977e-07
